,loss
0,74.95703887939453
1,66.74324798583984
2,58.550899505615234
3,51.84465789794922
4,45.02610778808594
5,38.36915969848633
6,32.229400634765625
7,25.896909713745117
8,21.463787078857422
9,16.80219268798828
10,14.709249496459961
11,13.63286018371582
12,12.051472663879395
13,11.675620079040527
14,11.980889320373535
15,11.090190887451172
16,11.31051254272461
17,10.58731746673584
18,10.6207275390625
19,10.84835147857666
20,10.37169361114502
21,10.621861457824707
22,10.188502311706543
23,10.247352600097656
24,10.046714782714844
25,10.118391990661621
26,10.18414306640625
27,10.116363525390625
28,10.311004638671875
29,9.700026512145996
30,10.03636646270752
31,9.581838607788086
32,9.619930267333984
33,9.673532485961914
34,9.55113410949707
35,9.363086700439453
36,9.287117958068848
37,9.785411834716797
38,9.715458869934082
39,9.36122989654541
40,9.468851089477539
41,9.194225311279297
42,9.256234169006348
43,9.51581859588623
44,9.338294982910156
45,9.156723976135254
46,9.037914276123047
47,8.975813865661621
48,9.01413631439209
