,loss
0,89.53257751464844
1,81.57054138183594
2,75.67452239990234
3,68.39742279052734
4,61.64530944824219
5,54.06954574584961
6,45.75832748413086
7,37.49290084838867
8,29.941932678222656
9,22.47276496887207
10,16.526762008666992
11,12.20864200592041
12,11.297164916992188
13,10.096357345581055
14,9.714579582214355
15,10.173075675964355
16,9.986440658569336
17,9.68911075592041
18,9.610182762145996
19,9.585474967956543
20,9.268369674682617
21,9.222756385803223
22,9.339062690734863
23,8.907424926757812
24,8.997015953063965
25,9.103026390075684
26,9.034132957458496
27,9.178162574768066
28,8.957612037658691
29,8.919402122497559
30,9.188213348388672
31,8.810079574584961
32,8.757568359375
33,9.024698257446289
34,8.69521713256836
35,8.605928421020508
36,8.969877243041992
37,8.730216026306152
38,8.788179397583008
39,8.787300109863281
40,8.73714542388916
41,8.749670028686523
42,8.725845336914062
43,9.060174942016602
44,8.868393898010254
45,8.729206085205078
46,8.507963180541992
47,8.641166687011719
48,8.776997566223145
