,loss
0,81.49179077148438
1,71.75486755371094
2,62.10983657836914
3,51.80534744262695
4,44.9261474609375
5,35.70002365112305
6,26.349218368530273
7,19.301095962524414
8,14.788744926452637
9,11.318336486816406
10,10.495016098022461
11,9.792520523071289
12,9.014925956726074
13,8.571897506713867
14,8.623584747314453
15,7.866838455200195
16,7.970423698425293
17,7.921046733856201
18,7.585209846496582
19,7.531353950500488
20,7.342533588409424
21,7.083112716674805
22,7.037282466888428
23,6.997791767120361
24,6.8833770751953125
25,7.006367206573486
26,6.946848392486572
27,6.739561557769775
28,6.722894191741943
29,6.6556396484375
30,6.758998870849609
31,6.872567176818848
32,6.923858642578125
33,6.953339099884033
34,6.638982772827148
35,6.748278617858887
36,6.794703006744385
37,6.664781093597412
38,6.529400825500488
39,6.607980251312256
40,6.85569953918457
41,6.56371545791626
42,6.501223087310791
43,6.668085098266602
44,6.5226006507873535
45,6.421290397644043
46,6.67894172668457
47,6.400193691253662
48,6.352894306182861
